0 0.922656 0.098958 0.101562 0.131250
0 0.471094 0.532292 0.117188 0.152083
0 0.525781 0.300000 0.117188 0.154167
0 0.919531 0.371875 0.110937 0.143750
0 0.861719 0.770833 0.104688 0.129167
0 0.510938 0.717708 0.115625 0.147917
0 0.683594 0.470833 0.110937 0.137500
0 0.385156 0.377083 0.114062 0.141667
0 0.689063 0.113542 0.128125 0.172917
0 0.696094 0.834375 0.104688 0.131250
0 0.878906 0.577083 0.101562 0.133333
0 0.680469 0.675000 0.101562 0.133333
0 0.698438 0.292708 0.109375 0.139583
0 0.333594 0.695833 0.120313 0.154167
